Section,Key,Value,Message,Run_Number
Error,execution_error,error,Process failed with return code 1.,
